00101011001010110010101100101011
10100010001010110010101100101011
00110101001010110010101100101011
10001010001010110010101100101011
11100001001010110010101100101011
11111111001010110010101100101011
10000000001010110010101100101011
10111111001010110010101100101011
00101010001010110010101100101011
11001100001010110010101100101011
11100011001010110010101100101011
11110000001010110010101100101011
01010110001010110010101100101011
10111111001010110010101100101011
11110001001010110010101100101011
10101010001010110010101100101011
10111011001010110010101100101011
10110011001010110010101100101011
01110101001010110010101100101011
11101110001010110010101100101011
10101101001010110010101100101011
11111110001010110010101100101011
10010010001010110010101100101011
00110110001010110010101100101011
11001010001010110010101100101011
01000111001010110010101100101011
00111000001010110010101100101011
11110011001010110010101100101011
10010111001010110010101100101011
10110011001010110010101100101011
11000001001010110010101100101011
10100010001010110010101100101011
00101011001010110010101100101011
10100010001010110010101100101011
00110101001010110010101100101011
10001010001010110010101100101011
11100001001010110010101100101011
11111111001010110010101100101011
10000000001010110010101100101011
10111111001010110010101100101011
00101010001010110010101100101011
11001100001010110010101100101011
11100011001010110010101100101011
11110000001010110010101100101011
01010110001010110010101100101011
10111111001010110010101100101011
11110001001010110010101100101011
10101010001010110010101100101011
10111011001010110010101100101011
10110011001010110010101100101011
01110101001010110010101100101011
11101110001010110010101100101011
10101101001010110010101100101011
11111110001010110010101100101011
10010010001010110010101100101011
00110110001010110010101100101011
11001010001010110010101100101011
01000111001010110010101100101011
00111000001010110010101100101011
11110011001010110010101100101011
10010111001010110010101100101011
10110011001010110010101100101011
11000001001010110010101100101011
10100010001010110010101100101011
